age at the time
56
37
74
48
43
39
43
59
37
42
54
36
69
61
29
67
59
41
54
61
34
36
58
71
66
51
46
39
52
28
38
52
77
67
37
44
57
82
67
35
87
43
63
44
31
36
38
47
42
45
42
47
62
59
32
82
55
31
40
50
36
44
29
39
37
28
67
75
54
48
67
44
53
64
80
34
84
33
54
37
37
36
71
36
54
37
36
55
63
36
71
37
47
56
40
58
43
72
36
47
32
72
89
51
57
48
35
none
82
35
48
58
68
47
46
35
29
36
50
35
51
31
47
58
30
69
70
59
67
30
none
37
40
45
69
32
63
48
46
42
33
54
47
48
29
54
39
31
35
37
38
50
69
43
70
69
55
101
44
31
37
51
40
31
31
30
35
36
35
57
52
30
37
67
55
60
46
31
37
73
33
37
39
37
57
38
50
47
67
31
24
42
69
50
37
53
76
49
33
40
31
46
66
69
35
50
29
48
39
28
40
39
48
49
53
47
45
57
36
39
54
43
47
31
32
37
39
36
46
50
37
39
36
48
33
38
32
57
39
34
35
41
43
35
30
40
42
40
30
51
36
34
33
33
39
39
57
38
37
38
46
32
32
37
35
48
42
40
35
31
61
38
32
33
47
33
35
34
37
40
51
32
39
35
41
38
36
57
68
38
33
47
28
32
51
45
32
76
61
77
64
32
52
66
39
74
47
33
31
30
32
66
67
33
63
79
33
33
31
32
48
35
50
36
52
32
44
46
38
39
45
43
41
27
31
42
34
41
53
43
35
39
37
25
30
30
35
33
35
71
60
49
48
46
37
26
25
27
82
58
43
50
64
37
33
42
48
37
44
34
28
41
52
36
67
34
36
40
76
37
37
36
47
57
29
32
25
31
32
35
80
77
31
64
57
57
45
33
35
58
60
36
40
74
45
34
45
34
27
31
31
30
26
36
35
28
52
35
41
43
42
48
29
39
32
37
43
28
32
35
47
61
27
44
33
34
30
59
39
43
34
31
30
32
44
40
39
63
67
40
33
36
34
32
31
38
35
26
35
35
30
47
39
34
32
37
64
52
36
28
49
31
51
31
49
55
44
82
44
43
32
34
58
35
32
41
39
35
30
30
33
47
37
39
42
32
37
38
55
32
59
38
62
75
71
67
36
58
31
46
34
37
27
60
43
48
36
39
36
34
none
42
30
62
41
35
50
34
32
38
25
39
40
37
48
53
50
32
35
50
65
33
53
59
28
48
31
50
56
47
29
40
32
33
66
42
38
42
35
43
44
49
50
31
38
32
69
60
38
36
35
41
37
64
45
45
59
45
39
30
35
48
42
56
47
31
28
32
39
41
28
46
36
72
37
66
49
35
30
37
30
33
37
27
46
35
34
33
35
28
49
62
37
56
45
53
36
29
39
35
31
none
39
36
49
43
40
43
33
37
36
31
33
34
37
38
52
27
39
47
40
29
38
42
49
58
57
31
51
63
46
56
27
39
44
34
35
35
36
36
43
49
32
32
35
54
47
57
38
47
29
57
54
47
34
53
59
40
32
59
32
37
41
31
43
43
34
64
80
37
46
38
43
48
26
39
47
52
33
48
26
31
48
39
35
57
31
30
48
53
34
57
39
58
42
33
48
56
28
52
60
53
33
44
31
35
32
45
37
35
29
40
41
25
22
27
32
56
64
38
36
64
59
45
40
28
36
34
29
47
42
39
40
35
35
59
59
28
45
39
29
41
55
54
43
38
86
33
39
44
49
27
42
31
30
31
28
48
30
46
64
31
51
50
51
61
30
62
41
34
41
37
54
45
66
61
52
33
67
34
41
42
33
30
44
43
31
33
48
42
48
78
37
44
65
41
42
31
25
54
41
42
37
62
42
39
35
71
46
33
57
53
52
51
36
41
40
55
68
37
48
36
35
41
32
33
32
45
30
46
33
48
56
28
33
54
43
30
29
34
29
43
49
27
30
40
83
43
49
35
65
37
41
41
34
30
34
26
39
29
36
37
20
38
53
43
36
50
43
42
36
37
42
31
39
37
40
34
44
31
41
36
53
40
26
51
38
39
45
38
34
67
48
64
56
35
35
33
33
33
30
29
32
51
33
39
28
49
39
39
28
44
38
33
41
51
46
65
39
41
34
32
39
26
60
32
31
32
29
30
40
31
27
50
34
33
49
38
54
28
45
37
42
47
47
54
42
35
66
33
31
44
66
51
40
39
37
65
32
41
36
32
51
63
67
46
33
47
37
39
33
68
68
43
40
39
38
36
34
31
31
42
64
51
37
53
37
43
44
48
55
36
50
51
44
32
37
61
39
71
30
34
37
42
40
36
42
39
50
39
38
32
50
31
31
65
46
39
43
53
31
31
35
48
29
34
36
54
32
35
43
29
46
30
41
30
29
30
41
35
34
32
37
42
33
42
36
38
48
46
45
41
40
34
30
30
51
41
34
38
32
46
34
28
57
41
46
31
35
35
33
39
38
49
45
43
45
29
50
35
38
38
42
54
46
35
41
45
37
49
52
38
46
37
34
31
28
31
40
32
46
47
33
39
37
49
34
38
31
33
52
32
34
38
36
35
33
34
37
48
49
39
38
37
37
37
36
35
33
34
36
40
52
39
31
40
34
31
38
27
41
57
32
41
35
55
43
36
28
30
33
38
42
37
45
37
55
36
32
45
27
36
30
27
25
60
44
38
38
41
48
43
62
39
54
59
42
36
45
32
56
40
37
31
32
42
46
32
51
32
31
36
34
33
40
41
59
44
38
32
28
44
25
33
39
31
32
38
36
35
34
32
29
32
38
30
37
45
38
29
36
43
47
51
30
46
33
40
61
33
53
41
72
63
43
42
32
34
41
23
48
58
37
36
50
39
37
52
57
35
41
40
57
36
36
32
45
53
38
58
40
35
33
42
37
41
30
56
38
45
35
40
54
40
77
44
41
35
37
42
51
44
38
39
43
40
36
81
48
42
33
33
49
32
35
38
48
48
46
43
40
40
38
36
36
35
32
31
30
30
27
41
38
38
40
41
46
36
34
43
42
39
35
31
28
31
40
43
49
49
34
38
33
41
31
35
42
38
39
51
47
42
32
34
26
40
46
42
30
57
34
48
37
69
48
61
35
59
55
42
46
50
35
35
39
32
32
38
39
45
30
49
43
37
36
56
38
33
38
36
43
48
33
36
47
49
39
35
34
55
39
31
31
30
33
33
37
28
44
43
42
38
38
28
24
25
34
52
29
41
37
32
50
36
32
36
27
41
43
26
57
32
36
76
39
38
29
43
46
51
47
35
38
36
40
38
47
53
37
46
33
36
32
46
48
33
56
36
44
41
37
45
32
30
42
34
66
55
40
65
52
34
74
32
37
39
47
34
37
45
35
41
41
40
36
33
32
30
39
37
39
50
36
39
34
36
36
45
41
47
37
36
45
36
38
38
36
36
36
29
32
34
36
36
31
34
32
31
39
46
27
32
31
38
39
35
30
29
37
38
42
30
29
37
28
25
38
30
31
29
37
54
35
57
33
36
29
31
28
33
31
37
24
34
33
40
30
28
37
34
37
35
28
32
28
32
35
31
25
45
26
54
34
34
25
33
34
25
28
29
36
37
33
29
31
33
30
27
27
31
34
28
26
44
42
35
35
31
30
30
30
30
28
28
28
26
29
32
34
34
38
33
25
32
38
28
27
34
29
40
45
34
30
29
34
34
35
27
29
32
26
35
33
25
36
36
38
39
34
49
25
27
46
33
33
32
32
54
27
29
44
29
27
33
25
27
27
33
29
35
52
29
40
30
33
29
46
32
31
28
26
26
33
47
32
47
31
31
51
59
69
27
34
32
30
46
37
36
29
61
37
30
70
37
45
34
28
46
29
31
40
37
53
40
30
28
44
58
44
39
51
61
48
28
51
31
73
73
74
73
49
44
34
34
46
36
51
42
38
36
49
36
34
50
67
61
70
61
51
50
47
46
45
45
43
39
39
38
37
37
37
36
36
35
35
34
33
33
31
30
29
29
28
28
28
27
26
32
65
46
41
31
30
26
35
49
26
36
35
35
28
33
31
30
42
45
44
38
33
37
33
30
38
47
32
32
29
71
36
37
46
30
59
39
33
31
56
37
43
62
40
28
29
26
30
41
29
32
55
48
30
34
35
32
32
29
41
37
44
28
33
46
45
41
38
38
38
36
36
35
35
32
32
32
31
31
31
31
31
28
27
27
26
44
39
48
40
34
27
43
34
30
29
56
35
33
35
35
29
42
29
74
28
40
32
32
30
42
37
28
44
57
55
32
25
27
27
48
39
53
52
33
36
27